张文龙 男 计算机类2213 2022140253
96 77 90 48 92 45 78 93
龙镜丞 男 计算机类2213 2022117331
96 93 32 89 70 89 55 71
李文尧 男 计算机类2213 2022117323
78 70 74 42 100 88 53 80
刘浩翔 男 计算机类2213 2022117328
73 3 63 100 87 87 41 79
刘昊天 男 计算机类2213 2022117327
68 41 48 79 97 98 56 44
易俊伟 男 计算机类2213 2022115249
95 38 71 4 83 79 64 89
赵奕哲 男 计算机类2213 2022117357
98 78 92 68 29 82 33 28
陈佳辉 男 计算机类2213 2022117303
66 24 80 83 71 60 64 52
曾恒 男 计算机类2213 2022117302
96 22 49 67 51 61 63 87
陈星宏 男 计算机类2213 2022140112
95 44 76 60 34 95 49 40
饶博橼 男 计算机类2213 2022117337
85 43 69 93 4 61 53 81
江海峰 男 计算机类2213 2022117318
100 93 29 25 4 66 79 81
张聪颖 男 计算机类2213 2022117353
98 51 46 42 22 47 72 97
徐云颢 男 计算机类2213 2022117349
83 26 96 18 99 45 56 31
何烨 男 计算机类2213 2022117313
59 62 2 78 86 7 94 65
吝金臣 男 计算机类2213 2022117325
57 62 32 51 48 63 92 46
李杰 男 计算机类2213 2022117320
34 1 51 80 92 69 77 39
程思诚 男 计算机类2213 2022117309
86 8 51 54 74 24 75 70
戴晨露 男 计算机类2213 2022117310
33 63 29 99 58 94 52 13
方世轩 男 计算机类2213 2022117312
94 48 77 18 83 11 83 25
李佳灿 男 计算机类2213 2021117319
4 17 73 53 85 31 100 74
熊舟涛 男 计算机类2213 2022117348
81 48 63 63 25 45 32 78
李维佳 男 计算机类2213 2022117322
67 9 90 31 82 11 51 84
刘国庆 男 计算机类2213 2022117326
4 61 31 98 69 52 88 20
汪文忠 男 计算机类2213 2022117342
26 65 70 21 92 66 65 14
邱宁遵 男 计算机类2213 2022117335
65 82 20 67 22 43 22 95
陈雨霖 男 计算机类2213 2022117308
37 45 57 71 95 5 71 24
康豪 男 计算机类2213 2022170111
47 41 33 71 69 94 24 12
陆昌昌 男 计算机类2213 2022117332
79 40 10 64 80 30 19 62
周永辉 男 计算机类2213 2022117360
100 44 32 70 15 32 8 83
陈腾 男 计算机类2213 2022117306
19 76 12 33 99 18 92 35
张祥勇 男 计算机类2213 2022117355
14 76 32 41 97 61 32 20
詹锐 男 计算机类2213 2022117352
31 60 16 93 13 17 44 97
田振辉 男 计算机类2213 2022117340
13 51 0 86 68 18 47 82
桂子开 男 计算机类2213 2022108235
37 42 53 87 10 65 42 25
邱雨航 男 计算机类2213 2022117336
16 48 25 6 75 86 96 3
陆敬轩 男 计算机类2213 2022117333
67 98 42 8 32 57 27 22
杜柒林 男 计算机类2213 2022117311
35 99 46 57 71 23 17 3
贺君贵 男 计算机类2213 2022117315
58 84 8 72 12 19 47 49
何基庚 男 计算机类2213 2022115249
89 4 45 27 9 34 82 59
肖嘉伟 男 计算机类2213 2022140113
0 30 95 3 52 79 41 36
陈时瑞 男 计算机类2213 2022117305
25 24 51 15 13 39 67 97
余文作 男 计算机类2213 2022117351
1 90 15 71 22 69 44 18
李建新 男 计算机类2213 2022108201
0 76 81 34 66 1 13 58
胡锦旗 男 计算机类2213 2022117316
49 59 71 52 34 22 21 20
张鑫 男 计算机类2213 2022140137
74 12 72 38 34 14 22 53
王永康 男 计算机类2213 2022117346
3 1 14 38 71 82 41 65
鹿桓瑞 男 计算机类2213 2022117334
1 38 89 52 74 43 8 2
李⒚ 男 计算机类2213 2022117321
38 97 51 34 35 19 22 1
周锦楠 男 计算机类2213 2022117359
69 10 42 4 13 80 34 42
王宇超 男 计算机类2213 2022117347
12 5 77 3 67 22 59 40
任治平 男 计算机类2213 2022117338
43 84 20 15 34 22 35 26
朱哲锐 男 计算机类2213 2022117361
10 23 73 8 53 7 21 10
汪鹏 男 计算机类2213 2022117341
3 16 80 0 18 39 22 5
李俊霖 男 计算机类2213 2022115224
4 40 5 24 17 6 65 13
黄萱宜 女 计算机类2213 2022170208
81 25 24 67 48 95 44 7
刘孜 女 计算机类2213 2022117330
75 51 25 53 77 0 52 30
王霞 女 计算机类2213 2022117345
6 67 29 42 71 14 77 55
李芳源 女 计算机类2213 2022117319
98 21 91 62 82 4 59 100
包蕊 女 计算机类2213 2021117301
52 14 82 28 24 33 94 59
余甜 女 计算机类2213 2022117350
30 45 47 80 1 7 81 18
晏阳希 女 计算机类2213 2022105230
92 11 71 3 82 91 90 20
田悦琳 女 计算机类2213 2022117339
28 33 67 19 79 19 45 8
汪依珂 女 计算机类2213 2022117343
6 46 46 21 32 80 35 86
陈晶 女 计算机类2213 2022117304
90 60 49 31 23 99 94 11
陈伊涵 女 计算机类2213 2022117307
74 0 95 71 39 33 39 32
张芊芊 女 计算机类2213 2022117354
24 52 55 59 25 100 28 5
谢雅文 女 计算机类2213 2022118149
13 76 3 20 8 36 12 60
刘浈琳 女 计算机类2213 2022117329
64 83 63 1 21 72 24 9
赵子怡 女 计算机类2213 2022117358
16 5 9 21 13 26 39 59
何瑛琦 女 计算机类2213 2022117314
80 32 39 84 60 65 72 61
黄娟 女 计算机类2213 2022117317
92 33 80 39 74 9 28 97
